#plot_var title_var
phiR #phi_{R#perp}
#bname formula edges
z     Z	       	0.400 0.500 0.555 0.607 0.663 0.729 0.823 0.950
pt    sqrt(Pt2)	0 0.449 0.546 0.620 0.686 0.756 0.844 1.225
z0    e[][0]/Nu	0.2 0.3 0.4 0.5 0.6 0.7 0.950
z1    e[][1]/Nu	0.2 0.3 0.4 0.5 0.6 0.7 0.950
#pt2    Pt2	0 0.202 0.298 0.385 0.471 0.571 0.713 1.5
m     M		0.250 0.429 0.546 0.666 0.759 0.853 1.021 3.0
x     Xb	0.050 0.154 0.191 0.229 0.272 0.324 0.394 0.8
Q2    Q2	1.0 1.97 2.24 2.52 2.86 3.32 4.07 10.0
t     -(-Q2+M*M-2*(Eh*Nu+Phx*Pex+Phy*Pey-Phz*(Nu/y-Pez))) 0 0.5 1.0 1.5 2.0 2.5 3.0 3.5 4.0 4.5 5.0 5.5 6.0
mx    sqrt(Mx2) 0.5 0.8 1.1 1.4 1.7 2.0 2.3 2.6 2.9
